    0.000000E+00   0.000000E+00   0.000000E+00   0.000000E+00   0.000000E+00   0.000000E+00   0.000000E+00
    1.000000E-02   1.492504E+01   0.000000E+00   5.238397E+00   0.000000E+00  -5.024648E-01   0.000000E+00
    2.000000E-02   1.493116E+01   0.000000E+00   5.227245E+00   0.000000E+00  -4.967882E-01   0.000000E+00
    3.000000E-02   1.493817E+01   0.000000E+00   5.214354E+00   0.000000E+00  -4.924951E-01   0.000000E+00
    4.000000E-02   1.494555E+01   0.000000E+00   5.200702E+00   0.000000E+00  -4.889239E-01   0.000000E+00
    5.000000E-02   1.495301E+01   0.000000E+00   5.186820E+00   0.000000E+00  -4.859391E-01   0.000000E+00
    6.000000E-02   1.496019E+01   0.000000E+00   5.173311E+00   0.000000E+00  -4.836534E-01   0.000000E+00
    7.000000E-02   1.496669E+01   0.000000E+00   5.160967E+00   0.000000E+00  -4.822653E-01   0.000000E+00
    8.000000E-02   1.497271E+01   0.000000E+00   5.149634E+00   0.000000E+00  -4.813397E-01   0.000000E+00
    9.000000E-02   1.497806E+01   0.000000E+00   5.140252E+00   0.000000E+00  -4.811902E-01   0.000000E+00
    1.000000E-01   1.498278E+01   0.000000E+00   5.132945E+00   0.000000E+00  -4.818244E-01   0.000000E+00
    1.100000E-01   1.498657E+01   0.000000E+00   5.127596E+00   0.000000E+00  -4.828604E-01   0.000000E+00
    1.200000E-01   1.498899E+01   0.000000E+00   5.124421E+00   0.000000E+00  -4.845969E-01   0.000000E+00
    1.300000E-01   1.499007E+01   0.000000E+00   5.123120E+00   0.000000E+00  -4.863853E-01   0.000000E+00
    1.400000E-01   1.498944E+01   0.000000E+00   5.124171E+00   0.000000E+00  -4.885533E-01   0.000000E+00
    1.500000E-01   1.498614E+01   0.000000E+00   5.129150E+00   0.000000E+00  -4.925675E-01   0.000000E+00
    1.600000E-01   1.497990E+01   0.000000E+00   5.138588E+00   0.000000E+00  -4.993186E-01   0.000000E+00
    1.700000E-01   1.497191E+01   0.000000E+00   5.150241E+00   0.000000E+00  -5.067823E-01   0.000000E+00
    1.800000E-01   1.496444E+01   0.000000E+00   5.160203E+00   0.000000E+00  -5.111318E-01   0.000000E+00
    1.900000E-01   1.495787E+01   0.000000E+00   5.168051E+00   0.000000E+00  -5.118664E-01   0.000000E+00
    2.000000E-01   1.495025E+01   0.000000E+00   5.177330E+00   0.000000E+00  -5.125254E-01   0.000000E+00
    2.100000E-01   1.494059E+01   0.000000E+00   5.189823E+00   0.000000E+00  -5.143200E-01   0.000000E+00
    2.200000E-01   1.492890E+01   0.000000E+00   5.205518E+00   0.000000E+00  -5.165582E-01   0.000000E+00
    2.300000E-01   1.491436E+01   0.000000E+00   5.225776E+00   0.000000E+00  -5.203409E-01   0.000000E+00
    2.400000E-01   1.489637E+01   0.000000E+00   5.251406E+00   0.000000E+00  -5.264985E-01   0.000000E+00
    2.500000E-01   1.487545E+01   0.000000E+00   5.281560E+00   0.000000E+00  -5.340411E-01   0.000000E+00
    2.600000E-01   1.485201E+01   0.000000E+00   5.315879E+00   0.000000E+00  -5.427336E-01   0.000000E+00
    2.700000E-01   1.482624E+01   0.000000E+00   5.354360E+00   0.000000E+00  -5.529262E-01   0.000000E+00
    2.800000E-01   1.479879E+01   0.000000E+00   5.395927E+00   0.000000E+00  -5.640013E-01   0.000000E+00
    2.900000E-01   1.477044E+01   0.000000E+00   5.439051E+00   0.000000E+00  -5.749868E-01   0.000000E+00
    3.000000E-01   1.474199E+01   0.000000E+00   5.482459E+00   0.000000E+00  -5.851297E-01   0.000000E+00
    3.100000E-01   1.471416E+01   0.000000E+00   5.525066E+00   0.000000E+00  -5.935242E-01   0.000000E+00
    3.200000E-01   1.468652E+01   0.000000E+00   5.567528E+00   0.000000E+00  -6.011811E-01   0.000000E+00
    3.300000E-01   1.465778E+01   0.000000E+00   5.611793E+00   0.000000E+00  -6.106992E-01   0.000000E+00
    3.400000E-01   1.462876E+01   0.000000E+00   5.656848E+00   0.000000E+00  -6.215367E-01   0.000000E+00
    3.500000E-01   1.460212E+01   0.000000E+00   5.699136E+00   0.000000E+00  -6.304141E-01   0.000000E+00
    3.600000E-01   1.457976E+01   0.000000E+00   5.736395E+00   0.000000E+00  -6.353675E-01   0.000000E+00
    3.700000E-01   1.456194E+01   0.000000E+00   5.768640E+00   0.000000E+00  -6.369209E-01   0.000000E+00
    3.800000E-01   1.454799E+01   0.000000E+00   5.797044E+00   0.000000E+00  -6.364537E-01   0.000000E+00
    3.900000E-01   1.453798E+01   0.000000E+00   5.821659E+00   0.000000E+00  -6.337460E-01   0.000000E+00
    4.000000E-01   1.453144E+01   0.000000E+00   5.843093E+00   0.000000E+00  -6.292821E-01   0.000000E+00
    4.100000E-01   1.452699E+01   0.000000E+00   5.863070E+00   0.000000E+00  -6.248080E-01   0.000000E+00
    4.200000E-01   1.452445E+01   0.000000E+00   5.881690E+00   0.000000E+00  -6.204058E-01   0.000000E+00
    4.300000E-01   1.452402E+01   0.000000E+00   5.898747E+00   0.000000E+00  -6.155834E-01   0.000000E+00
    4.400000E-01   1.452555E+01   0.000000E+00   5.914610E+00   0.000000E+00  -6.108571E-01   0.000000E+00
    4.500000E-01   1.452877E+01   0.000000E+00   5.929678E+00   0.000000E+00  -6.070259E-01   0.000000E+00
    4.600000E-01   1.453438E+01   0.000000E+00   5.942796E+00   0.000000E+00  -6.032127E-01   0.000000E+00
    4.700000E-01   1.454366E+01   0.000000E+00   5.951795E+00   0.000000E+00  -5.978180E-01   0.000000E+00
    4.800000E-01   1.455716E+01   0.000000E+00   5.955349E+00   0.000000E+00  -5.897910E-01   0.000000E+00
    4.900000E-01   1.457490E+01   0.000000E+00   5.952670E+00   0.000000E+00  -5.787304E-01   0.000000E+00
    5.000000E-01   1.459504E+01   0.000000E+00   5.945700E+00   0.000000E+00  -5.669391E-01   0.000000E+00
    5.100000E-01   1.461605E+01   0.000000E+00   5.936223E+00   0.000000E+00  -5.566072E-01   0.000000E+00
    5.200000E-01   1.463860E+01   0.000000E+00   5.922615E+00   0.000000E+00  -5.462870E-01   0.000000E+00
    5.300000E-01   1.466357E+01   0.000000E+00   5.902599E+00   0.000000E+00  -5.339245E-01   0.000000E+00
    5.400000E-01   1.469091E+01   0.000000E+00   5.875379E+00   0.000000E+00  -5.194130E-01   0.000000E+00
    5.500000E-01   1.472022E+01   0.000000E+00   5.841093E+00   0.000000E+00  -5.030584E-01   0.000000E+00
    5.600000E-01   1.475148E+01   0.000000E+00   5.799425E+00   0.000000E+00  -4.844964E-01   0.000000E+00
    5.700000E-01   1.478414E+01   0.000000E+00   5.751085E+00   0.000000E+00  -4.640052E-01   0.000000E+00
    5.800000E-01   1.481700E+01   0.000000E+00   5.697922E+00   0.000000E+00  -4.431021E-01   0.000000E+00
    5.900000E-01   1.484906E+01   0.000000E+00   5.641453E+00   0.000000E+00  -4.227457E-01   0.000000E+00
    6.000000E-01   1.487989E+01   0.000000E+00   5.582421E+00   0.000000E+00  -4.029594E-01   0.000000E+00
    6.100000E-01   1.490930E+01   0.000000E+00   5.522099E+00   0.000000E+00  -3.842759E-01   0.000000E+00
    6.200000E-01   1.493685E+01   0.000000E+00   5.462673E+00   0.000000E+00  -3.682178E-01   0.000000E+00
    6.300000E-01   1.496253E+01   0.000000E+00   5.405272E+00   0.000000E+00  -3.557151E-01   0.000000E+00
    6.400000E-01   1.498714E+01   0.000000E+00   5.348841E+00   0.000000E+00  -3.456967E-01   0.000000E+00
    6.500000E-01   1.501179E+01   0.000000E+00   5.291033E+00   0.000000E+00  -3.362766E-01   0.000000E+00
    6.600000E-01   1.503710E+01   0.000000E+00   5.230242E+00   0.000000E+00  -3.261040E-01   0.000000E+00
    6.700000E-01   1.506287E+01   0.000000E+00   5.166568E+00   0.000000E+00  -3.154971E-01   0.000000E+00
    6.800000E-01   1.508837E+01   0.000000E+00   5.102053E+00   0.000000E+00  -3.064001E-01   0.000000E+00
    6.900000E-01   1.511323E+01   0.000000E+00   5.037792E+00   0.000000E+00  -2.998988E-01   0.000000E+00
    7.000000E-01   1.513775E+01   0.000000E+00   4.972419E+00   0.000000E+00  -2.947430E-01   0.000000E+00
    7.100000E-01   1.516202E+01   0.000000E+00   4.904911E+00   0.000000E+00  -2.903196E-01   0.000000E+00
    7.200000E-01   1.518600E+01   0.000000E+00   4.835118E+00   0.000000E+00  -2.869842E-01   0.000000E+00
    7.300000E-01   1.521024E+01   0.000000E+00   4.761761E+00   0.000000E+00  -2.837927E-01   0.000000E+00
    7.400000E-01   1.523537E+01   0.000000E+00   4.683653E+00   0.000000E+00  -2.797767E-01   0.000000E+00
    7.500000E-01   1.526143E+01   0.000000E+00   4.601243E+00   0.000000E+00  -2.754537E-01   0.000000E+00
    7.600000E-01   1.528820E+01   0.000000E+00   4.515123E+00   0.000000E+00  -2.715397E-01   0.000000E+00
    7.700000E-01   1.531557E+01   0.000000E+00   4.424924E+00   0.000000E+00  -2.675069E-01   0.000000E+00
    7.800000E-01   1.534343E+01   0.000000E+00   4.330524E+00   0.000000E+00  -2.630996E-01   0.000000E+00
    7.900000E-01   1.537138E+01   0.000000E+00   4.233537E+00   0.000000E+00  -2.594887E-01   0.000000E+00
    8.000000E-01   1.539893E+01   0.000000E+00   4.135804E+00   0.000000E+00  -2.583129E-01   0.000000E+00
    8.100000E-01   1.542586E+01   0.000000E+00   4.037924E+00   0.000000E+00  -2.602470E-01   0.000000E+00
    8.200000E-01   1.545260E+01   0.000000E+00   3.938089E+00   0.000000E+00  -2.640834E-01   0.000000E+00
    8.300000E-01   1.547994E+01   0.000000E+00   3.832924E+00   0.000000E+00  -2.673521E-01   0.000000E+00
    8.400000E-01   1.550828E+01   0.000000E+00   3.720236E+00   0.000000E+00  -2.686758E-01   0.000000E+00
    8.500000E-01   1.553761E+01   0.000000E+00   3.599534E+00   0.000000E+00  -2.681229E-01   0.000000E+00
    8.600000E-01   1.556766E+01   0.000000E+00   3.471368E+00   0.000000E+00  -2.665130E-01   0.000000E+00
    8.700000E-01   1.559825E+01   0.000000E+00   3.335735E+00   0.000000E+00  -2.639096E-01   0.000000E+00
    8.800000E-01   1.562931E+01   0.000000E+00   3.192043E+00   0.000000E+00  -2.598461E-01   0.000000E+00
    8.900000E-01   1.566057E+01   0.000000E+00   3.040604E+00   0.000000E+00  -2.547135E-01   0.000000E+00
    9.000000E-01   1.569198E+01   0.000000E+00   2.881149E+00   0.000000E+00  -2.483524E-01   0.000000E+00
    9.100000E-01   1.572373E+01   0.000000E+00   2.712653E+00   0.000000E+00  -2.397225E-01   0.000000E+00
    9.200000E-01   1.575570E+01   0.000000E+00   2.535138E+00   0.000000E+00  -2.286853E-01   0.000000E+00
    9.300000E-01   1.578744E+01   0.000000E+00   2.349618E+00   0.000000E+00  -2.161203E-01   0.000000E+00
    9.400000E-01   1.581859E+01   0.000000E+00   2.156255E+00   0.000000E+00  -2.017500E-01   0.000000E+00
    9.500000E-01   1.584891E+01   0.000000E+00   1.954483E+00   0.000000E+00  -1.845131E-01   0.000000E+00
    9.600000E-01   1.587767E+01   0.000000E+00   1.745928E+00   0.000000E+00  -1.650543E-01   0.000000E+00
    9.700000E-01   1.590403E+01   0.000000E+00   1.533822E+00   0.000000E+00  -1.454737E-01   0.000000E+00
    9.800000E-01   1.592740E+01   0.000000E+00   1.321091E+00   0.000000E+00  -1.275097E-01   0.000000E+00
