   1   1   0.000000E+00   0.000000E+00   0.000000E+00   0.000000E+00   0.000000E+00   0.000000E+00
   1   2   1.977203E+00   0.000000E+00   2.537767E-01   0.000000E+00  -2.810165E-01   0.000000E+00
   1   3   9.975354E-01   0.000000E+00   5.728227E-02   0.000000E+00  -1.212272E-01   0.000000E+00
   2   1   1.977203E+00   0.000000E+00   2.537767E-01   0.000000E+00  -2.810165E-01   0.000000E+00
   2   2   3.735166E+00   0.000000E+00   1.175479E+00   0.000000E+00  -7.064462E-01   0.000000E+00
   2   3   2.905447E+00   0.000000E+00   6.206688E-01   0.000000E+00  -4.774841E-01   0.000000E+00
   3   1   3.735166E+00   0.000000E+00   1.175479E+00   0.000000E+00  -7.064462E-01   0.000000E+00
   3   2   4.860314E+00   0.000000E+00   2.800668E+00   0.000000E+00  -1.236132E+00   0.000000E+00
   3   3   4.406191E+00   0.000000E+00   1.912991E+00   0.000000E+00  -9.622225E-01   0.000000E+00
   4   1   4.860314E+00   0.000000E+00   2.800668E+00   0.000000E+00  -1.236132E+00   0.000000E+00
   4   2   4.965070E+00   0.000000E+00   4.771702E+00   0.000000E+00  -1.797268E+00   0.000000E+00
   4   3   5.052167E+00   0.000000E+00   3.778772E+00   0.000000E+00  -1.518198E+00   0.000000E+00
   5   1   4.965070E+00   0.000000E+00   4.771702E+00   0.000000E+00  -1.797268E+00   0.000000E+00
   5   2   4.037708E+00   0.000000E+00   6.519494E+00   0.000000E+00  -2.304702E+00   0.000000E+00
   5   3   4.613050E+00   0.000000E+00   5.704845E+00   0.000000E+00  -2.062431E+00   0.000000E+00
   6   1   4.037708E+00   0.000000E+00   6.519494E+00   0.000000E+00  -2.304702E+00   0.000000E+00
   6   2   2.432769E+00   0.000000E+00   7.691652E+00   0.000000E+00  -2.693645E+00   0.000000E+00
   6   3   3.292467E+00   0.000000E+00   7.183932E+00   0.000000E+00  -2.516598E+00   0.000000E+00
   7   1   2.432769E+00   0.000000E+00   7.691652E+00   0.000000E+00  -2.693645E+00   0.000000E+00
   7   2   5.359558E-01   0.000000E+00   8.310603E+00   0.000000E+00  -2.932563E+00   0.000000E+00
   7   3   1.502877E+00   0.000000E+00   8.057866E+00   0.000000E+00  -2.832711E+00   0.000000E+00
   8   1   5.359558E-01   0.000000E+00   8.310603E+00   0.000000E+00  -2.932563E+00   0.000000E+00
   8   2  -1.439319E+00   0.000000E+00   8.620693E+00   0.000000E+00  -3.012541E+00   0.000000E+00
   8   3  -4.485812E-01   0.000000E+00   8.485399E+00   0.000000E+00  -2.992540E+00   0.000000E+00
