        1       1   0.000000E+00
        1       2   0.000000E+00
        1       3   0.000000E+00
        1       4   0.000000E+00
        1       5   0.000000E+00
        1       6   0.000000E+00
        1       7   0.000000E+00
        1       8   0.000000E+00
        1       9   0.000000E+00
        1      10   0.000000E+00
        1      11   0.000000E+00
        1      12   0.000000E+00
        1      13   0.000000E+00
        1      14   0.000000E+00
        1      15   0.000000E+00
        1      16   0.000000E+00
        1      17   0.000000E+00
        2       1   0.000000E+00
        2       2   0.000000E+00
        2       3   0.000000E+00
        2       4   0.000000E+00
        2       5   0.000000E+00
        2       6   0.000000E+00
        2       7   0.000000E+00
        2       8   0.000000E+00
        2       9   0.000000E+00
        2      10   0.000000E+00
        2      11   0.000000E+00
        2      12   0.000000E+00
        2      13   0.000000E+00
        2      14   0.000000E+00
        2      15   0.000000E+00
        2      16   0.000000E+00
        2      17   0.000000E+00
        3       1   0.000000E+00
        3       2   0.000000E+00
        3       3   0.000000E+00
        3       4   0.000000E+00
        3       5   0.000000E+00
        3       6   0.000000E+00
        3       7   0.000000E+00
        3       8   0.000000E+00
        3       9   0.000000E+00
        3      10   0.000000E+00
        3      11   0.000000E+00
        3      12   0.000000E+00
        3      13   0.000000E+00
        3      14   0.000000E+00
        3      15   0.000000E+00
        3      16   0.000000E+00
        3      17   0.000000E+00
        4       1   0.000000E+00
        4       2   0.000000E+00
        4       3   0.000000E+00
        4       4   0.000000E+00
        4       5   0.000000E+00
        4       6   0.000000E+00
        4       7   0.000000E+00
        4       8   0.000000E+00
        4       9   0.000000E+00
        4      10   0.000000E+00
        4      11   0.000000E+00
        4      12   0.000000E+00
        4      13   0.000000E+00
        4      14   0.000000E+00
        4      15   0.000000E+00
        4      16   0.000000E+00
        4      17   0.000000E+00
        5       1   0.000000E+00
        5       2   0.000000E+00
        5       3   0.000000E+00
        5       4   0.000000E+00
        5       5   0.000000E+00
        5       6   0.000000E+00
        5       7   0.000000E+00
        5       8   0.000000E+00
        5       9   0.000000E+00
        5      10   0.000000E+00
        5      11   0.000000E+00
        5      12   0.000000E+00
        5      13   0.000000E+00
        5      14   0.000000E+00
        5      15   0.000000E+00
        5      16   0.000000E+00
        5      17   0.000000E+00
        6       1   0.000000E+00
        6       2   0.000000E+00
        6       3   0.000000E+00
        6       4   0.000000E+00
        6       5   0.000000E+00
        6       6   0.000000E+00
        6       7   0.000000E+00
        6       8   0.000000E+00
        6       9   0.000000E+00
        6      10   0.000000E+00
        6      11   0.000000E+00
        6      12   0.000000E+00
        6      13   0.000000E+00
        6      14   0.000000E+00
        6      15   0.000000E+00
        6      16   0.000000E+00
        6      17   0.000000E+00
        7       1   0.000000E+00
        7       2   0.000000E+00
        7       3   0.000000E+00
        7       4   0.000000E+00
        7       5   0.000000E+00
        7       6   0.000000E+00
        7       7   0.000000E+00
        7       8   0.000000E+00
        7       9   0.000000E+00
        7      10   0.000000E+00
        7      11   0.000000E+00
        7      12   0.000000E+00
        7      13   0.000000E+00
        7      14   0.000000E+00
        7      15   0.000000E+00
        7      16   0.000000E+00
        7      17   0.000000E+00
        8       1   0.000000E+00
        8       2   0.000000E+00
        8       3   0.000000E+00
        8       4   0.000000E+00
        8       5   0.000000E+00
        8       6   0.000000E+00
        8       7   0.000000E+00
        8       8   0.000000E+00
        8       9   0.000000E+00
        8      10   0.000000E+00
        8      11   0.000000E+00
        8      12   0.000000E+00
        8      13   0.000000E+00
        8      14   0.000000E+00
        8      15   0.000000E+00
        8      16   0.000000E+00
        8      17   0.000000E+00
        9       1   0.000000E+00
        9       2   0.000000E+00
        9       3   0.000000E+00
        9       4   0.000000E+00
        9       5   0.000000E+00
        9       6   0.000000E+00
        9       7   0.000000E+00
        9       8   0.000000E+00
        9       9   0.000000E+00
        9      10   0.000000E+00
        9      11   0.000000E+00
        9      12   0.000000E+00
        9      13   0.000000E+00
        9      14   0.000000E+00
        9      15   0.000000E+00
        9      16   0.000000E+00
        9      17   0.000000E+00
       10       1   0.000000E+00
       10       2   0.000000E+00
       10       3   0.000000E+00
       10       4   0.000000E+00
       10       5   0.000000E+00
       10       6   0.000000E+00
       10       7   0.000000E+00
       10       8   0.000000E+00
       10       9   0.000000E+00
       10      10   0.000000E+00
       10      11   0.000000E+00
       10      12   0.000000E+00
       10      13   0.000000E+00
       10      14   0.000000E+00
       10      15   0.000000E+00
       10      16   0.000000E+00
       10      17   0.000000E+00
       11       1   0.000000E+00
       11       2   0.000000E+00
       11       3   0.000000E+00
       11       4   0.000000E+00
       11       5   0.000000E+00
       11       6   0.000000E+00
       11       7   0.000000E+00
       11       8   0.000000E+00
       11       9   0.000000E+00
       11      10   0.000000E+00
       11      11   0.000000E+00
       11      12   0.000000E+00
       11      13   0.000000E+00
       11      14   0.000000E+00
       11      15   0.000000E+00
       11      16   0.000000E+00
       11      17   0.000000E+00
       12       1   0.000000E+00
       12       2   0.000000E+00
       12       3   0.000000E+00
       12       4   0.000000E+00
       12       5   0.000000E+00
       12       6   0.000000E+00
       12       7   0.000000E+00
       12       8   0.000000E+00
       12       9   0.000000E+00
       12      10   0.000000E+00
       12      11   0.000000E+00
       12      12   0.000000E+00
       12      13   0.000000E+00
       12      14   0.000000E+00
       12      15   0.000000E+00
       12      16   0.000000E+00
       12      17   0.000000E+00
       13       1   0.000000E+00
       13       2   0.000000E+00
       13       3   0.000000E+00
       13       4   0.000000E+00
       13       5   0.000000E+00
       13       6   0.000000E+00
       13       7   0.000000E+00
       13       8   0.000000E+00
       13       9   0.000000E+00
       13      10   0.000000E+00
       13      11   0.000000E+00
       13      12   0.000000E+00
       13      13   0.000000E+00
       13      14   0.000000E+00
       13      15   0.000000E+00
       13      16   0.000000E+00
       13      17   0.000000E+00
       14       1   0.000000E+00
       14       2   0.000000E+00
       14       3   0.000000E+00
       14       4   0.000000E+00
       14       5   0.000000E+00
       14       6   0.000000E+00
       14       7   0.000000E+00
       14       8   0.000000E+00
       14       9   0.000000E+00
       14      10   0.000000E+00
       14      11   0.000000E+00
       14      12   0.000000E+00
       14      13   0.000000E+00
       14      14   0.000000E+00
       14      15   0.000000E+00
       14      16   0.000000E+00
       14      17   0.000000E+00
       15       1   0.000000E+00
       15       2   0.000000E+00
       15       3   0.000000E+00
       15       4   0.000000E+00
       15       5   0.000000E+00
       15       6   0.000000E+00
       15       7   0.000000E+00
       15       8   0.000000E+00
       15       9   0.000000E+00
       15      10   0.000000E+00
       15      11   0.000000E+00
       15      12   0.000000E+00
       15      13   0.000000E+00
       15      14   0.000000E+00
       15      15   0.000000E+00
       15      16   0.000000E+00
       15      17   0.000000E+00
       16       1   0.000000E+00
       16       2   0.000000E+00
       16       3   0.000000E+00
       16       4   0.000000E+00
       16       5   0.000000E+00
       16       6   0.000000E+00
       16       7   0.000000E+00
       16       8   0.000000E+00
       16       9   0.000000E+00
       16      10   0.000000E+00
       16      11   0.000000E+00
       16      12   0.000000E+00
       16      13   0.000000E+00
       16      14   0.000000E+00
       16      15   0.000000E+00
       16      16   0.000000E+00
       16      17   0.000000E+00
       17       1   0.000000E+00
       17       2   0.000000E+00
       17       3   0.000000E+00
       17       4   0.000000E+00
       17       5   0.000000E+00
       17       6   0.000000E+00
       17       7   0.000000E+00
       17       8   0.000000E+00
       17       9   0.000000E+00
       17      10   0.000000E+00
       17      11   0.000000E+00
       17      12   0.000000E+00
       17      13   0.000000E+00
       17      14   0.000000E+00
       17      15   0.000000E+00
       17      16   0.000000E+00
       17      17   0.000000E+00
       18       1   0.000000E+00
       18       2   0.000000E+00
       18       3   0.000000E+00
       18       4   0.000000E+00
       18       5   0.000000E+00
       18       6   0.000000E+00
       18       7   0.000000E+00
       18       8   0.000000E+00
       18       9   0.000000E+00
       18      10   0.000000E+00
       18      11   0.000000E+00
       18      12   0.000000E+00
       18      13   0.000000E+00
       18      14   0.000000E+00
       18      15   0.000000E+00
       18      16   0.000000E+00
       18      17   0.000000E+00
       19       1   0.000000E+00
       19       2   0.000000E+00
       19       3   0.000000E+00
       19       4   0.000000E+00
       19       5   0.000000E+00
       19       6   0.000000E+00
       19       7   0.000000E+00
       19       8   0.000000E+00
       19       9   0.000000E+00
       19      10   0.000000E+00
       19      11   0.000000E+00
       19      12   0.000000E+00
       19      13   0.000000E+00
       19      14   0.000000E+00
       19      15   0.000000E+00
       19      16   0.000000E+00
       19      17   0.000000E+00
       20       1   0.000000E+00
       20       2   0.000000E+00
       20       3   0.000000E+00
       20       4   0.000000E+00
       20       5   0.000000E+00
       20       6   0.000000E+00
       20       7   0.000000E+00
       20       8   0.000000E+00
       20       9   0.000000E+00
       20      10   0.000000E+00
       20      11   0.000000E+00
       20      12   0.000000E+00
       20      13   0.000000E+00
       20      14   0.000000E+00
       20      15   0.000000E+00
       20      16   0.000000E+00
       20      17   0.000000E+00
       21       1   0.000000E+00
       21       2   0.000000E+00
       21       3   0.000000E+00
       21       4   0.000000E+00
       21       5   0.000000E+00
       21       6   0.000000E+00
       21       7   0.000000E+00
       21       8   0.000000E+00
       21       9   0.000000E+00
       21      10   0.000000E+00
       21      11   0.000000E+00
       21      12   0.000000E+00
       21      13   0.000000E+00
       21      14   0.000000E+00
       21      15   0.000000E+00
       21      16   0.000000E+00
       21      17   0.000000E+00
       22       1   0.000000E+00
       22       2   0.000000E+00
       22       3   0.000000E+00
       22       4   0.000000E+00
       22       5   0.000000E+00
       22       6   0.000000E+00
       22       7   0.000000E+00
       22       8   0.000000E+00
       22       9   0.000000E+00
       22      10   0.000000E+00
       22      11   0.000000E+00
       22      12   0.000000E+00
       22      13   0.000000E+00
       22      14   0.000000E+00
       22      15   0.000000E+00
       22      16   0.000000E+00
       22      17   0.000000E+00
       23       1   0.000000E+00
       23       2   0.000000E+00
       23       3   0.000000E+00
       23       4   0.000000E+00
       23       5   0.000000E+00
       23       6   0.000000E+00
       23       7   0.000000E+00
       23       8   0.000000E+00
       23       9   0.000000E+00
       23      10   0.000000E+00
       23      11   0.000000E+00
       23      12   0.000000E+00
       23      13   0.000000E+00
       23      14   0.000000E+00
       23      15   0.000000E+00
       23      16   0.000000E+00
       23      17   0.000000E+00
       24       1   0.000000E+00
       24       2   0.000000E+00
       24       3   0.000000E+00
       24       4   0.000000E+00
       24       5   0.000000E+00
       24       6   0.000000E+00
       24       7   0.000000E+00
       24       8   0.000000E+00
       24       9   0.000000E+00
       24      10   0.000000E+00
       24      11   0.000000E+00
       24      12   0.000000E+00
       24      13   0.000000E+00
       24      14   0.000000E+00
       24      15   0.000000E+00
       24      16   0.000000E+00
       24      17   0.000000E+00
       25       1   0.000000E+00
       25       2   0.000000E+00
       25       3   0.000000E+00
       25       4   0.000000E+00
       25       5   0.000000E+00
       25       6   0.000000E+00
       25       7   0.000000E+00
       25       8   0.000000E+00
       25       9   0.000000E+00
       25      10   0.000000E+00
       25      11   0.000000E+00
       25      12   0.000000E+00
       25      13   0.000000E+00
       25      14   0.000000E+00
       25      15   0.000000E+00
       25      16   0.000000E+00
       25      17   0.000000E+00
       26       1   0.000000E+00
       26       2   0.000000E+00
       26       3   0.000000E+00
       26       4   0.000000E+00
       26       5   0.000000E+00
       26       6   0.000000E+00
       26       7   0.000000E+00
       26       8   0.000000E+00
       26       9   0.000000E+00
       26      10   0.000000E+00
       26      11   0.000000E+00
       26      12   0.000000E+00
       26      13   0.000000E+00
       26      14   0.000000E+00
       26      15   0.000000E+00
       26      16   0.000000E+00
       26      17   0.000000E+00
       27       1   0.000000E+00
       27       2   0.000000E+00
       27       3   0.000000E+00
       27       4   0.000000E+00
       27       5   0.000000E+00
       27       6   0.000000E+00
       27       7   0.000000E+00
       27       8   0.000000E+00
       27       9   0.000000E+00
       27      10   0.000000E+00
       27      11   0.000000E+00
       27      12   0.000000E+00
       27      13   0.000000E+00
       27      14   0.000000E+00
       27      15   0.000000E+00
       27      16   0.000000E+00
       27      17   0.000000E+00
       28       1   0.000000E+00
       28       2   0.000000E+00
       28       3   0.000000E+00
       28       4   0.000000E+00
       28       5   0.000000E+00
       28       6   0.000000E+00
       28       7   0.000000E+00
       28       8   0.000000E+00
       28       9   0.000000E+00
       28      10   0.000000E+00
       28      11   0.000000E+00
       28      12   0.000000E+00
       28      13   0.000000E+00
       28      14   0.000000E+00
       28      15   0.000000E+00
       28      16   0.000000E+00
       28      17   0.000000E+00
       29       1   0.000000E+00
       29       2   0.000000E+00
       29       3   0.000000E+00
       29       4   0.000000E+00
       29       5   0.000000E+00
       29       6   0.000000E+00
       29       7   0.000000E+00
       29       8   0.000000E+00
       29       9   0.000000E+00
       29      10   0.000000E+00
       29      11   0.000000E+00
       29      12   0.000000E+00
       29      13   0.000000E+00
       29      14   0.000000E+00
       29      15   0.000000E+00
       29      16   0.000000E+00
       29      17   0.000000E+00
       30       1   0.000000E+00
       30       2   0.000000E+00
       30       3   0.000000E+00
       30       4   0.000000E+00
       30       5   0.000000E+00
       30       6   0.000000E+00
       30       7   0.000000E+00
       30       8   0.000000E+00
       30       9   0.000000E+00
       30      10   0.000000E+00
       30      11   0.000000E+00
       30      12   0.000000E+00
       30      13   0.000000E+00
       30      14   0.000000E+00
       30      15   0.000000E+00
       30      16   0.000000E+00
       30      17   0.000000E+00
       31       1   0.000000E+00
       31       2   0.000000E+00
       31       3   0.000000E+00
       31       4   0.000000E+00
       31       5   0.000000E+00
       31       6   0.000000E+00
       31       7   0.000000E+00
       31       8   0.000000E+00
       31       9   0.000000E+00
       31      10   0.000000E+00
       31      11   0.000000E+00
       31      12   0.000000E+00
       31      13   0.000000E+00
       31      14   0.000000E+00
       31      15   0.000000E+00
       31      16   0.000000E+00
       31      17   0.000000E+00
       32       1   0.000000E+00
       32       2   0.000000E+00
       32       3   0.000000E+00
       32       4   0.000000E+00
       32       5   0.000000E+00
       32       6   0.000000E+00
       32       7   0.000000E+00
       32       8   0.000000E+00
       32       9   0.000000E+00
       32      10   0.000000E+00
       32      11   0.000000E+00
       32      12   0.000000E+00
       32      13   0.000000E+00
       32      14   0.000000E+00
       32      15   0.000000E+00
       32      16   0.000000E+00
       32      17   0.000000E+00
       33       1   0.000000E+00
       33       2   0.000000E+00
       33       3   0.000000E+00
       33       4   0.000000E+00
       33       5   0.000000E+00
       33       6   0.000000E+00
       33       7   0.000000E+00
       33       8   0.000000E+00
       33       9   0.000000E+00
       33      10   0.000000E+00
       33      11   0.000000E+00
       33      12   0.000000E+00
       33      13   0.000000E+00
       33      14   0.000000E+00
       33      15   0.000000E+00
       33      16   0.000000E+00
       33      17   0.000000E+00
       34       1   0.000000E+00
       34       2   0.000000E+00
       34       3   0.000000E+00
       34       4   0.000000E+00
       34       5   0.000000E+00
       34       6   0.000000E+00
       34       7   0.000000E+00
       34       8   0.000000E+00
       34       9   0.000000E+00
       34      10   0.000000E+00
       34      11   0.000000E+00
       34      12   0.000000E+00
       34      13   0.000000E+00
       34      14   0.000000E+00
       34      15   0.000000E+00
       34      16   0.000000E+00
       34      17   0.000000E+00
       35       1   0.000000E+00
       35       2   0.000000E+00
       35       3   0.000000E+00
       35       4   0.000000E+00
       35       5   0.000000E+00
       35       6   0.000000E+00
       35       7   0.000000E+00
       35       8   0.000000E+00
       35       9   0.000000E+00
       35      10   0.000000E+00
       35      11   0.000000E+00
       35      12   0.000000E+00
       35      13   0.000000E+00
       35      14   0.000000E+00
       35      15   0.000000E+00
       35      16   0.000000E+00
       35      17   0.000000E+00
       36       1   0.000000E+00
       36       2   0.000000E+00
       36       3   0.000000E+00
       36       4   0.000000E+00
       36       5   0.000000E+00
       36       6   0.000000E+00
       36       7   0.000000E+00
       36       8   0.000000E+00
       36       9   0.000000E+00
       36      10   0.000000E+00
       36      11   0.000000E+00
       36      12   0.000000E+00
       36      13   0.000000E+00
       36      14   0.000000E+00
       36      15   0.000000E+00
       36      16   0.000000E+00
       36      17   0.000000E+00
       37       1   0.000000E+00
       37       2   0.000000E+00
       37       3   0.000000E+00
       37       4   0.000000E+00
       37       5   0.000000E+00
       37       6   0.000000E+00
       37       7   0.000000E+00
       37       8   0.000000E+00
       37       9   0.000000E+00
       37      10   0.000000E+00
       37      11   0.000000E+00
       37      12   0.000000E+00
       37      13   0.000000E+00
       37      14   0.000000E+00
       37      15   0.000000E+00
       37      16   0.000000E+00
       37      17   0.000000E+00
       38       1   0.000000E+00
       38       2   0.000000E+00
       38       3   0.000000E+00
       38       4   0.000000E+00
       38       5   0.000000E+00
       38       6   0.000000E+00
       38       7   0.000000E+00
       38       8   0.000000E+00
       38       9   0.000000E+00
       38      10   0.000000E+00
       38      11   0.000000E+00
       38      12   0.000000E+00
       38      13   0.000000E+00
       38      14   0.000000E+00
       38      15   0.000000E+00
       38      16   0.000000E+00
       38      17   0.000000E+00
       39       1   0.000000E+00
       39       2   0.000000E+00
       39       3   0.000000E+00
       39       4   0.000000E+00
       39       5   0.000000E+00
       39       6   0.000000E+00
       39       7   0.000000E+00
       39       8   0.000000E+00
       39       9   0.000000E+00
       39      10   0.000000E+00
       39      11   0.000000E+00
       39      12   0.000000E+00
       39      13   0.000000E+00
       39      14   0.000000E+00
       39      15   0.000000E+00
       39      16   0.000000E+00
       39      17   0.000000E+00
       40       1   0.000000E+00
       40       2   0.000000E+00
       40       3   0.000000E+00
       40       4   0.000000E+00
       40       5   0.000000E+00
       40       6   0.000000E+00
       40       7   0.000000E+00
       40       8   0.000000E+00
       40       9   0.000000E+00
       40      10   0.000000E+00
       40      11   0.000000E+00
       40      12   0.000000E+00
       40      13   0.000000E+00
       40      14   0.000000E+00
       40      15   0.000000E+00
       40      16   0.000000E+00
       40      17   0.000000E+00
       41       1   0.000000E+00
       41       2   0.000000E+00
       41       3   0.000000E+00
       41       4   0.000000E+00
       41       5   0.000000E+00
       41       6   0.000000E+00
       41       7   0.000000E+00
       41       8   0.000000E+00
       41       9   0.000000E+00
       41      10   0.000000E+00
       41      11   0.000000E+00
       41      12   0.000000E+00
       41      13   0.000000E+00
       41      14   0.000000E+00
       41      15   0.000000E+00
       41      16   0.000000E+00
       41      17   0.000000E+00
       42       1   0.000000E+00
       42       2   0.000000E+00
       42       3   0.000000E+00
       42       4   0.000000E+00
       42       5   0.000000E+00
       42       6   0.000000E+00
       42       7   0.000000E+00
       42       8   0.000000E+00
       42       9   0.000000E+00
       42      10   0.000000E+00
       42      11   0.000000E+00
       42      12   0.000000E+00
       42      13   0.000000E+00
       42      14   0.000000E+00
       42      15   0.000000E+00
       42      16   0.000000E+00
       42      17   0.000000E+00
       43       1   0.000000E+00
       43       2   0.000000E+00
       43       3   0.000000E+00
       43       4   0.000000E+00
       43       5   0.000000E+00
       43       6   0.000000E+00
       43       7   0.000000E+00
       43       8   0.000000E+00
       43       9   0.000000E+00
       43      10   0.000000E+00
       43      11   0.000000E+00
       43      12   0.000000E+00
       43      13   0.000000E+00
       43      14   0.000000E+00
       43      15   0.000000E+00
       43      16   0.000000E+00
       43      17   0.000000E+00
       44       1   0.000000E+00
       44       2   0.000000E+00
       44       3   0.000000E+00
       44       4   0.000000E+00
       44       5   0.000000E+00
       44       6   0.000000E+00
       44       7   0.000000E+00
       44       8   0.000000E+00
       44       9   0.000000E+00
       44      10   0.000000E+00
       44      11   0.000000E+00
       44      12   0.000000E+00
       44      13   0.000000E+00
       44      14   0.000000E+00
       44      15   0.000000E+00
       44      16   0.000000E+00
       44      17   0.000000E+00
       45       1   0.000000E+00
       45       2   0.000000E+00
       45       3   0.000000E+00
       45       4   0.000000E+00
       45       5   0.000000E+00
       45       6   0.000000E+00
       45       7   0.000000E+00
       45       8   0.000000E+00
       45       9   0.000000E+00
       45      10   0.000000E+00
       45      11   0.000000E+00
       45      12   0.000000E+00
       45      13   0.000000E+00
       45      14   0.000000E+00
       45      15   0.000000E+00
       45      16   0.000000E+00
       45      17   0.000000E+00
       46       1   0.000000E+00
       46       2   0.000000E+00
       46       3   0.000000E+00
       46       4   0.000000E+00
       46       5   0.000000E+00
       46       6   0.000000E+00
       46       7   0.000000E+00
       46       8   0.000000E+00
       46       9   0.000000E+00
       46      10   0.000000E+00
       46      11   0.000000E+00
       46      12   0.000000E+00
       46      13   0.000000E+00
       46      14   0.000000E+00
       46      15   0.000000E+00
       46      16   0.000000E+00
       46      17   0.000000E+00
       47       1   0.000000E+00
       47       2   0.000000E+00
       47       3   0.000000E+00
       47       4   0.000000E+00
       47       5   0.000000E+00
       47       6   0.000000E+00
       47       7   0.000000E+00
       47       8   0.000000E+00
       47       9   0.000000E+00
       47      10   0.000000E+00
       47      11   0.000000E+00
       47      12   0.000000E+00
       47      13   0.000000E+00
       47      14   0.000000E+00
       47      15   0.000000E+00
       47      16   0.000000E+00
       47      17   0.000000E+00
       48       1   0.000000E+00
       48       2   0.000000E+00
       48       3   0.000000E+00
       48       4   0.000000E+00
       48       5   0.000000E+00
       48       6   0.000000E+00
       48       7   0.000000E+00
       48       8   0.000000E+00
       48       9   0.000000E+00
       48      10   0.000000E+00
       48      11   0.000000E+00
       48      12   0.000000E+00
       48      13   0.000000E+00
       48      14   0.000000E+00
       48      15   0.000000E+00
       48      16   0.000000E+00
       48      17   0.000000E+00
       49       1   0.000000E+00
       49       2   0.000000E+00
       49       3   0.000000E+00
       49       4   0.000000E+00
       49       5   0.000000E+00
       49       6   0.000000E+00
       49       7   0.000000E+00
       49       8   0.000000E+00
       49       9   0.000000E+00
       49      10   0.000000E+00
       49      11   0.000000E+00
       49      12   0.000000E+00
       49      13   0.000000E+00
       49      14   0.000000E+00
       49      15   0.000000E+00
       49      16   0.000000E+00
       49      17   0.000000E+00
       50       1   0.000000E+00
       50       2   0.000000E+00
       50       3   0.000000E+00
       50       4   0.000000E+00
       50       5   0.000000E+00
       50       6   0.000000E+00
       50       7   0.000000E+00
       50       8   0.000000E+00
       50       9   0.000000E+00
       50      10   0.000000E+00
       50      11   0.000000E+00
       50      12   0.000000E+00
       50      13   0.000000E+00
       50      14   0.000000E+00
       50      15   0.000000E+00
       50      16   0.000000E+00
       50      17   0.000000E+00
       51       1   0.000000E+00
       51       2   0.000000E+00
       51       3   0.000000E+00
       51       4   0.000000E+00
       51       5   0.000000E+00
       51       6   0.000000E+00
       51       7   0.000000E+00
       51       8   0.000000E+00
       51       9   0.000000E+00
       51      10   0.000000E+00
       51      11   0.000000E+00
       51      12   0.000000E+00
       51      13   0.000000E+00
       51      14   0.000000E+00
       51      15   0.000000E+00
       51      16   0.000000E+00
       51      17   0.000000E+00
       52       1   0.000000E+00
       52       2   0.000000E+00
       52       3   0.000000E+00
       52       4   0.000000E+00
       52       5   0.000000E+00
       52       6   0.000000E+00
       52       7   0.000000E+00
       52       8   0.000000E+00
       52       9   0.000000E+00
       52      10   0.000000E+00
       52      11   0.000000E+00
       52      12   0.000000E+00
       52      13   0.000000E+00
       52      14   0.000000E+00
       52      15   0.000000E+00
       52      16   0.000000E+00
       52      17   0.000000E+00
       53       1   0.000000E+00
       53       2   0.000000E+00
       53       3   0.000000E+00
       53       4   0.000000E+00
       53       5   0.000000E+00
       53       6   0.000000E+00
       53       7   0.000000E+00
       53       8   0.000000E+00
       53       9   0.000000E+00
       53      10   0.000000E+00
       53      11   0.000000E+00
       53      12   0.000000E+00
       53      13   0.000000E+00
       53      14   0.000000E+00
       53      15   0.000000E+00
       53      16   0.000000E+00
       53      17   0.000000E+00
       54       1   0.000000E+00
       54       2   0.000000E+00
       54       3   0.000000E+00
       54       4   0.000000E+00
       54       5   0.000000E+00
       54       6   0.000000E+00
       54       7   0.000000E+00
       54       8   0.000000E+00
       54       9   0.000000E+00
       54      10   0.000000E+00
       54      11   0.000000E+00
       54      12   0.000000E+00
       54      13   0.000000E+00
       54      14   0.000000E+00
       54      15   0.000000E+00
       54      16   0.000000E+00
       54      17   0.000000E+00
       55       1   0.000000E+00
       55       2   0.000000E+00
       55       3   0.000000E+00
       55       4   0.000000E+00
       55       5   0.000000E+00
       55       6   0.000000E+00
       55       7   0.000000E+00
       55       8   0.000000E+00
       55       9   0.000000E+00
       55      10   0.000000E+00
       55      11   0.000000E+00
       55      12   0.000000E+00
       55      13   0.000000E+00
       55      14   0.000000E+00
       55      15   0.000000E+00
       55      16   0.000000E+00
       55      17   0.000000E+00
       56       1   0.000000E+00
       56       2   0.000000E+00
       56       3   0.000000E+00
       56       4   0.000000E+00
       56       5   0.000000E+00
       56       6   0.000000E+00
       56       7   0.000000E+00
       56       8   0.000000E+00
       56       9   0.000000E+00
       56      10   0.000000E+00
       56      11   0.000000E+00
       56      12   0.000000E+00
       56      13   0.000000E+00
       56      14   0.000000E+00
       56      15   0.000000E+00
       56      16   0.000000E+00
       56      17   0.000000E+00
       57       1   0.000000E+00
       57       2   0.000000E+00
       57       3   0.000000E+00
       57       4   0.000000E+00
       57       5   0.000000E+00
       57       6   0.000000E+00
       57       7   0.000000E+00
       57       8   0.000000E+00
       57       9   0.000000E+00
       57      10   0.000000E+00
       57      11   0.000000E+00
       57      12   0.000000E+00
       57      13   0.000000E+00
       57      14   0.000000E+00
       57      15   0.000000E+00
       57      16   0.000000E+00
       57      17   0.000000E+00
       58       1   0.000000E+00
       58       2   0.000000E+00
       58       3   0.000000E+00
       58       4   0.000000E+00
       58       5   0.000000E+00
       58       6   0.000000E+00
       58       7   0.000000E+00
       58       8   0.000000E+00
       58       9   0.000000E+00
       58      10   0.000000E+00
       58      11   0.000000E+00
       58      12   0.000000E+00
       58      13   0.000000E+00
       58      14   0.000000E+00
       58      15   0.000000E+00
       58      16   0.000000E+00
       58      17   0.000000E+00
       59       1   0.000000E+00
       59       2   0.000000E+00
       59       3   0.000000E+00
       59       4   0.000000E+00
       59       5   0.000000E+00
       59       6   0.000000E+00
       59       7   0.000000E+00
       59       8   0.000000E+00
       59       9   0.000000E+00
       59      10   0.000000E+00
       59      11   0.000000E+00
       59      12   0.000000E+00
       59      13   0.000000E+00
       59      14   0.000000E+00
       59      15   0.000000E+00
       59      16   0.000000E+00
       59      17   0.000000E+00
       60       1   0.000000E+00
       60       2   0.000000E+00
       60       3   0.000000E+00
       60       4   0.000000E+00
       60       5   0.000000E+00
       60       6   0.000000E+00
       60       7   0.000000E+00
       60       8   0.000000E+00
       60       9   0.000000E+00
       60      10   0.000000E+00
       60      11   0.000000E+00
       60      12   0.000000E+00
       60      13   0.000000E+00
       60      14   0.000000E+00
       60      15   0.000000E+00
       60      16   0.000000E+00
       60      17   0.000000E+00
       61       1   0.000000E+00
       61       2   0.000000E+00
       61       3   0.000000E+00
       61       4   0.000000E+00
       61       5   0.000000E+00
       61       6   0.000000E+00
       61       7   0.000000E+00
       61       8   0.000000E+00
       61       9   0.000000E+00
       61      10   0.000000E+00
       61      11   0.000000E+00
       61      12   0.000000E+00
       61      13   0.000000E+00
       61      14   0.000000E+00
       61      15   0.000000E+00
       61      16   0.000000E+00
       61      17   0.000000E+00
       62       1   0.000000E+00
       62       2   0.000000E+00
       62       3   0.000000E+00
       62       4   0.000000E+00
       62       5   0.000000E+00
       62       6   0.000000E+00
       62       7   0.000000E+00
       62       8   0.000000E+00
       62       9   0.000000E+00
       62      10   0.000000E+00
       62      11   0.000000E+00
       62      12   0.000000E+00
       62      13   0.000000E+00
       62      14   0.000000E+00
       62      15   0.000000E+00
       62      16   0.000000E+00
       62      17   0.000000E+00
       63       1   0.000000E+00
       63       2   0.000000E+00
       63       3   0.000000E+00
       63       4   0.000000E+00
       63       5   0.000000E+00
       63       6   0.000000E+00
       63       7   0.000000E+00
       63       8   0.000000E+00
       63       9   0.000000E+00
       63      10   0.000000E+00
       63      11   0.000000E+00
       63      12   0.000000E+00
       63      13   0.000000E+00
       63      14   0.000000E+00
       63      15   0.000000E+00
       63      16   0.000000E+00
       63      17   0.000000E+00
       64       1   0.000000E+00
       64       2   0.000000E+00
       64       3   0.000000E+00
       64       4   0.000000E+00
       64       5   0.000000E+00
       64       6   0.000000E+00
       64       7   0.000000E+00
       64       8   0.000000E+00
       64       9   0.000000E+00
       64      10   0.000000E+00
       64      11   0.000000E+00
       64      12   0.000000E+00
       64      13   0.000000E+00
       64      14   0.000000E+00
       64      15   0.000000E+00
       64      16   0.000000E+00
       64      17   0.000000E+00
       65       1   0.000000E+00
       65       2   0.000000E+00
       65       3   0.000000E+00
       65       4   0.000000E+00
       65       5   0.000000E+00
       65       6   0.000000E+00
       65       7   0.000000E+00
       65       8   0.000000E+00
       65       9   0.000000E+00
       65      10   0.000000E+00
       65      11   0.000000E+00
       65      12   0.000000E+00
       65      13   0.000000E+00
       65      14   0.000000E+00
       65      15   0.000000E+00
       65      16   0.000000E+00
       65      17   0.000000E+00
       66       1   0.000000E+00
       66       2   0.000000E+00
       66       3   0.000000E+00
       66       4   0.000000E+00
       66       5   0.000000E+00
       66       6   0.000000E+00
       66       7   0.000000E+00
       66       8   0.000000E+00
       66       9   0.000000E+00
       66      10   0.000000E+00
       66      11   0.000000E+00
       66      12   0.000000E+00
       66      13   0.000000E+00
       66      14   0.000000E+00
       66      15   0.000000E+00
       66      16   0.000000E+00
       66      17   0.000000E+00
       67       1   0.000000E+00
       67       2   0.000000E+00
       67       3   0.000000E+00
       67       4   0.000000E+00
       67       5   0.000000E+00
       67       6   0.000000E+00
       67       7   0.000000E+00
       67       8   0.000000E+00
       67       9   0.000000E+00
       67      10   0.000000E+00
       67      11   0.000000E+00
       67      12   0.000000E+00
       67      13   0.000000E+00
       67      14   0.000000E+00
       67      15   0.000000E+00
       67      16   0.000000E+00
       67      17   0.000000E+00
       68       1   0.000000E+00
       68       2   0.000000E+00
       68       3   0.000000E+00
       68       4   0.000000E+00
       68       5   0.000000E+00
       68       6   0.000000E+00
       68       7   0.000000E+00
       68       8   0.000000E+00
       68       9   0.000000E+00
       68      10   0.000000E+00
       68      11   0.000000E+00
       68      12   0.000000E+00
       68      13   0.000000E+00
       68      14   0.000000E+00
       68      15   0.000000E+00
       68      16   0.000000E+00
       68      17   0.000000E+00
       69       1   0.000000E+00
       69       2   0.000000E+00
       69       3   0.000000E+00
       69       4   0.000000E+00
       69       5   0.000000E+00
       69       6   0.000000E+00
       69       7   0.000000E+00
       69       8   0.000000E+00
       69       9   0.000000E+00
       69      10   0.000000E+00
       69      11   0.000000E+00
       69      12   0.000000E+00
       69      13   0.000000E+00
       69      14   0.000000E+00
       69      15   0.000000E+00
       69      16   0.000000E+00
       69      17   0.000000E+00
       70       1   0.000000E+00
       70       2   0.000000E+00
       70       3   0.000000E+00
       70       4   0.000000E+00
       70       5   0.000000E+00
       70       6   0.000000E+00
       70       7   0.000000E+00
       70       8   0.000000E+00
       70       9   0.000000E+00
       70      10   0.000000E+00
       70      11   0.000000E+00
       70      12   0.000000E+00
       70      13   0.000000E+00
       70      14   0.000000E+00
       70      15   0.000000E+00
       70      16   0.000000E+00
       70      17   0.000000E+00
       71       1   0.000000E+00
       71       2   0.000000E+00
       71       3   0.000000E+00
       71       4   0.000000E+00
       71       5   0.000000E+00
       71       6   0.000000E+00
       71       7   0.000000E+00
       71       8   0.000000E+00
       71       9   0.000000E+00
       71      10   0.000000E+00
       71      11   0.000000E+00
       71      12   0.000000E+00
       71      13   0.000000E+00
       71      14   0.000000E+00
       71      15   0.000000E+00
       71      16   0.000000E+00
       71      17   0.000000E+00
       72       1   0.000000E+00
       72       2   0.000000E+00
       72       3   0.000000E+00
       72       4   0.000000E+00
       72       5   0.000000E+00
       72       6   0.000000E+00
       72       7   0.000000E+00
       72       8   0.000000E+00
       72       9   0.000000E+00
       72      10   0.000000E+00
       72      11   0.000000E+00
       72      12   0.000000E+00
       72      13   0.000000E+00
       72      14   0.000000E+00
       72      15   0.000000E+00
       72      16   0.000000E+00
       72      17   0.000000E+00
       73       1   0.000000E+00
       73       2   0.000000E+00
       73       3   0.000000E+00
       73       4   0.000000E+00
       73       5   0.000000E+00
       73       6   0.000000E+00
       73       7   0.000000E+00
       73       8   0.000000E+00
       73       9   0.000000E+00
       73      10   0.000000E+00
       73      11   0.000000E+00
       73      12   0.000000E+00
       73      13   0.000000E+00
       73      14   0.000000E+00
       73      15   0.000000E+00
       73      16   0.000000E+00
       73      17   0.000000E+00
       74       1   0.000000E+00
       74       2   0.000000E+00
       74       3   0.000000E+00
       74       4   0.000000E+00
       74       5   0.000000E+00
       74       6   0.000000E+00
       74       7   0.000000E+00
       74       8   0.000000E+00
       74       9   0.000000E+00
       74      10   0.000000E+00
       74      11   0.000000E+00
       74      12   0.000000E+00
       74      13   0.000000E+00
       74      14   0.000000E+00
       74      15   0.000000E+00
       74      16   0.000000E+00
       74      17   0.000000E+00
       75       1   0.000000E+00
       75       2   0.000000E+00
       75       3   0.000000E+00
       75       4   0.000000E+00
       75       5   0.000000E+00
       75       6   0.000000E+00
       75       7   0.000000E+00
       75       8   0.000000E+00
       75       9   0.000000E+00
       75      10   0.000000E+00
       75      11   0.000000E+00
       75      12   0.000000E+00
       75      13   0.000000E+00
       75      14   0.000000E+00
       75      15   0.000000E+00
       75      16   0.000000E+00
       75      17   0.000000E+00
       76       1   0.000000E+00
       76       2   0.000000E+00
       76       3   0.000000E+00
       76       4   0.000000E+00
       76       5   0.000000E+00
       76       6   0.000000E+00
       76       7   0.000000E+00
       76       8   0.000000E+00
       76       9   0.000000E+00
       76      10   0.000000E+00
       76      11   0.000000E+00
       76      12   0.000000E+00
       76      13   0.000000E+00
       76      14   0.000000E+00
       76      15   0.000000E+00
       76      16   0.000000E+00
       76      17   0.000000E+00
       77       1   0.000000E+00
       77       2   0.000000E+00
       77       3   0.000000E+00
       77       4   0.000000E+00
       77       5   0.000000E+00
       77       6   0.000000E+00
       77       7   0.000000E+00
       77       8   0.000000E+00
       77       9   0.000000E+00
       77      10   0.000000E+00
       77      11   0.000000E+00
       77      12   0.000000E+00
       77      13   0.000000E+00
       77      14   0.000000E+00
       77      15   0.000000E+00
       77      16   0.000000E+00
       77      17   0.000000E+00
       78       1   0.000000E+00
       78       2   0.000000E+00
       78       3   0.000000E+00
       78       4   0.000000E+00
       78       5   0.000000E+00
       78       6   0.000000E+00
       78       7   0.000000E+00
       78       8   0.000000E+00
       78       9   0.000000E+00
       78      10   0.000000E+00
       78      11   0.000000E+00
       78      12   0.000000E+00
       78      13   0.000000E+00
       78      14   0.000000E+00
       78      15   0.000000E+00
       78      16   0.000000E+00
       78      17   0.000000E+00
       79       1   0.000000E+00
       79       2   0.000000E+00
       79       3   0.000000E+00
       79       4   0.000000E+00
       79       5   0.000000E+00
       79       6   0.000000E+00
       79       7   0.000000E+00
       79       8   0.000000E+00
       79       9   0.000000E+00
       79      10   0.000000E+00
       79      11   0.000000E+00
       79      12   0.000000E+00
       79      13   0.000000E+00
       79      14   0.000000E+00
       79      15   0.000000E+00
       79      16   0.000000E+00
       79      17   0.000000E+00
       80       1   0.000000E+00
       80       2   0.000000E+00
       80       3   0.000000E+00
       80       4   0.000000E+00
       80       5   0.000000E+00
       80       6   0.000000E+00
       80       7   0.000000E+00
       80       8   0.000000E+00
       80       9   0.000000E+00
       80      10   0.000000E+00
       80      11   0.000000E+00
       80      12   0.000000E+00
       80      13   0.000000E+00
       80      14   0.000000E+00
       80      15   0.000000E+00
       80      16   0.000000E+00
       80      17   0.000000E+00
       81       1   0.000000E+00
       81       2   0.000000E+00
       81       3   0.000000E+00
       81       4   0.000000E+00
       81       5   0.000000E+00
       81       6   0.000000E+00
       81       7   0.000000E+00
       81       8   0.000000E+00
       81       9   0.000000E+00
       81      10   0.000000E+00
       81      11   0.000000E+00
       81      12   0.000000E+00
       81      13   0.000000E+00
       81      14   0.000000E+00
       81      15   0.000000E+00
       81      16   0.000000E+00
       81      17   0.000000E+00
       82       1   0.000000E+00
       82       2   0.000000E+00
       82       3   0.000000E+00
       82       4   0.000000E+00
       82       5   0.000000E+00
       82       6   0.000000E+00
       82       7   0.000000E+00
       82       8   0.000000E+00
       82       9   0.000000E+00
       82      10   0.000000E+00
       82      11   0.000000E+00
       82      12   0.000000E+00
       82      13   0.000000E+00
       82      14   0.000000E+00
       82      15   0.000000E+00
       82      16   0.000000E+00
       82      17   0.000000E+00
       83       1   0.000000E+00
       83       2   0.000000E+00
       83       3   0.000000E+00
       83       4   0.000000E+00
       83       5   0.000000E+00
       83       6   0.000000E+00
       83       7   0.000000E+00
       83       8   0.000000E+00
       83       9   0.000000E+00
       83      10   0.000000E+00
       83      11   0.000000E+00
       83      12   0.000000E+00
       83      13   0.000000E+00
       83      14   0.000000E+00
       83      15   0.000000E+00
       83      16   0.000000E+00
       83      17   0.000000E+00
       84       1   0.000000E+00
       84       2   0.000000E+00
       84       3   0.000000E+00
       84       4   0.000000E+00
       84       5   0.000000E+00
       84       6   0.000000E+00
       84       7   0.000000E+00
       84       8   0.000000E+00
       84       9   0.000000E+00
       84      10   0.000000E+00
       84      11   0.000000E+00
       84      12   0.000000E+00
       84      13   0.000000E+00
       84      14   0.000000E+00
       84      15   0.000000E+00
       84      16   0.000000E+00
       84      17   0.000000E+00
       85       1   0.000000E+00
       85       2   0.000000E+00
       85       3   0.000000E+00
       85       4   0.000000E+00
       85       5   0.000000E+00
       85       6   0.000000E+00
       85       7   0.000000E+00
       85       8   0.000000E+00
       85       9   0.000000E+00
       85      10   0.000000E+00
       85      11   0.000000E+00
       85      12   0.000000E+00
       85      13   0.000000E+00
       85      14   0.000000E+00
       85      15   0.000000E+00
       85      16   0.000000E+00
       85      17   0.000000E+00
       86       1   0.000000E+00
       86       2   0.000000E+00
       86       3   0.000000E+00
       86       4   0.000000E+00
       86       5   0.000000E+00
       86       6   0.000000E+00
       86       7   0.000000E+00
       86       8   0.000000E+00
       86       9   0.000000E+00
       86      10   0.000000E+00
       86      11   0.000000E+00
       86      12   0.000000E+00
       86      13   0.000000E+00
       86      14   0.000000E+00
       86      15   0.000000E+00
       86      16   0.000000E+00
       86      17   0.000000E+00
       87       1   0.000000E+00
       87       2   0.000000E+00
       87       3   0.000000E+00
       87       4   0.000000E+00
       87       5   0.000000E+00
       87       6   0.000000E+00
       87       7   0.000000E+00
       87       8   0.000000E+00
       87       9   0.000000E+00
       87      10   0.000000E+00
       87      11   0.000000E+00
       87      12   0.000000E+00
       87      13   0.000000E+00
       87      14   0.000000E+00
       87      15   0.000000E+00
       87      16   0.000000E+00
       87      17   0.000000E+00
       88       1   0.000000E+00
       88       2   0.000000E+00
       88       3   0.000000E+00
       88       4   0.000000E+00
       88       5   0.000000E+00
       88       6   0.000000E+00
       88       7   0.000000E+00
       88       8   0.000000E+00
       88       9   0.000000E+00
       88      10   0.000000E+00
       88      11   0.000000E+00
       88      12   0.000000E+00
       88      13   0.000000E+00
       88      14   0.000000E+00
       88      15   0.000000E+00
       88      16   0.000000E+00
       88      17   0.000000E+00
       89       1   0.000000E+00
       89       2   0.000000E+00
       89       3   0.000000E+00
       89       4   0.000000E+00
       89       5   0.000000E+00
       89       6   0.000000E+00
       89       7   0.000000E+00
       89       8   0.000000E+00
       89       9   0.000000E+00
       89      10   0.000000E+00
       89      11   0.000000E+00
       89      12   0.000000E+00
       89      13   0.000000E+00
       89      14   0.000000E+00
       89      15   0.000000E+00
       89      16   0.000000E+00
       89      17   0.000000E+00
       90       1   0.000000E+00
       90       2   0.000000E+00
       90       3   0.000000E+00
       90       4   0.000000E+00
       90       5   0.000000E+00
       90       6   0.000000E+00
       90       7   0.000000E+00
       90       8   0.000000E+00
       90       9   0.000000E+00
       90      10   0.000000E+00
       90      11   0.000000E+00
       90      12   0.000000E+00
       90      13   0.000000E+00
       90      14   0.000000E+00
       90      15   0.000000E+00
       90      16   0.000000E+00
       90      17   0.000000E+00
       91       1   0.000000E+00
       91       2   0.000000E+00
       91       3   0.000000E+00
       91       4   0.000000E+00
       91       5   0.000000E+00
       91       6   0.000000E+00
       91       7   0.000000E+00
       91       8   0.000000E+00
       91       9   0.000000E+00
       91      10   0.000000E+00
       91      11   0.000000E+00
       91      12   0.000000E+00
       91      13   0.000000E+00
       91      14   0.000000E+00
       91      15   0.000000E+00
       91      16   0.000000E+00
       91      17   0.000000E+00
       92       1   0.000000E+00
       92       2   0.000000E+00
       92       3   0.000000E+00
       92       4   0.000000E+00
       92       5   0.000000E+00
       92       6   0.000000E+00
       92       7   0.000000E+00
       92       8   0.000000E+00
       92       9   0.000000E+00
       92      10   0.000000E+00
       92      11   0.000000E+00
       92      12   0.000000E+00
       92      13   0.000000E+00
       92      14   0.000000E+00
       92      15   0.000000E+00
       92      16   0.000000E+00
       92      17   0.000000E+00
       93       1   0.000000E+00
       93       2   0.000000E+00
       93       3   0.000000E+00
       93       4   0.000000E+00
       93       5   0.000000E+00
       93       6   0.000000E+00
       93       7   0.000000E+00
       93       8   0.000000E+00
       93       9   0.000000E+00
       93      10   0.000000E+00
       93      11   0.000000E+00
       93      12   0.000000E+00
       93      13   0.000000E+00
       93      14   0.000000E+00
       93      15   0.000000E+00
       93      16   0.000000E+00
       93      17   0.000000E+00
       94       1   0.000000E+00
       94       2   0.000000E+00
       94       3   0.000000E+00
       94       4   0.000000E+00
       94       5   0.000000E+00
       94       6   0.000000E+00
       94       7   0.000000E+00
       94       8   0.000000E+00
       94       9   0.000000E+00
       94      10   0.000000E+00
       94      11   0.000000E+00
       94      12   0.000000E+00
       94      13   0.000000E+00
       94      14   0.000000E+00
       94      15   0.000000E+00
       94      16   0.000000E+00
       94      17   0.000000E+00
       95       1   0.000000E+00
       95       2   0.000000E+00
       95       3   0.000000E+00
       95       4   0.000000E+00
       95       5   0.000000E+00
       95       6   0.000000E+00
       95       7   0.000000E+00
       95       8   0.000000E+00
       95       9   0.000000E+00
       95      10   0.000000E+00
       95      11   0.000000E+00
       95      12   0.000000E+00
       95      13   0.000000E+00
       95      14   0.000000E+00
       95      15   0.000000E+00
       95      16   0.000000E+00
       95      17   0.000000E+00
       96       1   0.000000E+00
       96       2   0.000000E+00
       96       3   0.000000E+00
       96       4   0.000000E+00
       96       5   0.000000E+00
       96       6   0.000000E+00
       96       7   0.000000E+00
       96       8   0.000000E+00
       96       9   0.000000E+00
       96      10   0.000000E+00
       96      11   0.000000E+00
       96      12   0.000000E+00
       96      13   0.000000E+00
       96      14   0.000000E+00
       96      15   0.000000E+00
       96      16   0.000000E+00
       96      17   0.000000E+00
       97       1   0.000000E+00
       97       2   0.000000E+00
       97       3   0.000000E+00
       97       4   0.000000E+00
       97       5   0.000000E+00
       97       6   0.000000E+00
       97       7   0.000000E+00
       97       8   0.000000E+00
       97       9   0.000000E+00
       97      10   0.000000E+00
       97      11   0.000000E+00
       97      12   0.000000E+00
       97      13   0.000000E+00
       97      14   0.000000E+00
       97      15   0.000000E+00
       97      16   0.000000E+00
       97      17   0.000000E+00
       98       1   0.000000E+00
       98       2   0.000000E+00
       98       3   0.000000E+00
       98       4   0.000000E+00
       98       5   0.000000E+00
       98       6   0.000000E+00
       98       7   0.000000E+00
       98       8   0.000000E+00
       98       9   0.000000E+00
       98      10   0.000000E+00
       98      11   0.000000E+00
       98      12   0.000000E+00
       98      13   0.000000E+00
       98      14   0.000000E+00
       98      15   0.000000E+00
       98      16   0.000000E+00
       98      17   0.000000E+00
       99       1   0.000000E+00
       99       2   0.000000E+00
       99       3   0.000000E+00
       99       4   0.000000E+00
       99       5   0.000000E+00
       99       6   0.000000E+00
       99       7   0.000000E+00
       99       8   0.000000E+00
       99       9   0.000000E+00
       99      10   0.000000E+00
       99      11   0.000000E+00
       99      12   0.000000E+00
       99      13   0.000000E+00
       99      14   0.000000E+00
       99      15   0.000000E+00
       99      16   0.000000E+00
       99      17   0.000000E+00
