TITLE="Default"
FILETYPE=FULL VARIABLES="X" "Y" "Z" "Gamma" 
ZONE I=5 J=5 DATAPACKING=BLOCK T="Surface: Timestep 0 of 0"
SOLUTIONTIME=0.000000 STRANDID=1
VARLOCATION = (4=CELLCENTERED)
0.000000	0.000000	0.000000	0.000000	0.000000	0.250000	0.250000	0.250000	0.250000	0.250000	0.500000	0.500000	0.500000	0.500000	0.500000	0.750000	0.750000	0.750000	0.750000	0.750000	1.000000	1.000000	1.000000	1.000000	1.000000	
0.000000	-0.250000	-0.500000	-0.750000	-1.000000	0.000000	-0.250000	-0.500000	-0.750000	-1.000000	0.000000	-0.250000	-0.500000	-0.750000	-1.000000	0.000000	-0.250000	-0.500000	-0.750000	-1.000000	0.000000	-0.250000	-0.500000	-0.750000	-1.000000	
0.000000	0.000000	0.000000	0.000000	0.000000	0.000000	0.000000	0.000000	0.000000	0.000000	0.000000	0.000000	0.000000	0.000000	0.000000	0.000000	0.000000	0.000000	0.000000	0.000000	0.000000	0.000000	0.000000	0.000000	0.000000	
2.376584	3.009640	3.285687	3.412262	2.907456	3.790802	4.183337	4.360754	2.907456	3.790802	4.183337	4.360754	2.376584	3.009640	3.285687	3.412262	
ZONE I=2 J=5 DATAPACKING=BLOCK T="Wake: Timestep 0 of 0"
SOLUTIONTIME=0.000000 STRANDID=2
VARLOCATION = (4=CELLCENTERED)
0.000000	0.000000	0.250000	0.250000	0.500000	0.500000	0.750000	0.750000	1.000000	1.000000	
-1.000000	-985.807753	-1.000000	-985.807753	-1.000000	-985.807753	-1.000000	-985.807753	-1.000000	-985.807753	
0.000000	173.648178	0.000000	173.648178	0.000000	173.648178	0.000000	173.648178	0.000000	173.648178	
3.412262	4.360754	4.360754	3.412262	
